x y w logw
-6.95457355 -1.05174694 4.983198e-12 -11.3025
-6.90994812 0.28714559 1.162368e-11 -10.9347
-6.91577911 1.71903027 2.999949e-12 -11.5229
-5.53957871 4.48259786 2.992488e-12 -11.5240
-6.17285134 -3.51631323 3.116542e-12 -11.5063
-6.64033055 -2.29968654 4.939758e-12 -11.3063
-5.58969420 -1.89767254 4.741865e-09 -8.3241
-5.82148107 -0.84565730 5.324464e-09 -8.2737
-5.75892413 0.13722335 9.436811e-09 -8.0252
-5.79160639 1.11566725 4.747732e-09 -8.3235
-5.66267748 2.11459934 1.812633e-09 -8.7417
-6.28048711 3.13766976 6.066142e-12 -11.2171
-5.36567516 -4.70712478 2.567802e-12 -11.5904
-4.75169218 -3.76799441 1.549675e-09 -8.8098
-5.19945547 -2.88553636 3.533398e-09 -8.4518
-4.47577808 -2.16826914 6.171563e-07 -6.2096
-4.78620448 -1.22115137 7.086727e-07 -6.1496
-4.83949816 -0.29791558 1.030011e-06 -5.9872
-4.81827067 0.61232841 9.636627e-07 -6.0161
-4.76027168 1.49074921 5.356259e-07 -6.2711
-4.95790212 2.49563360 2.181411e-08 -7.6613
-4.97368571 3.37238130 2.572829e-09 -8.5896
-4.20082582 4.26665300 3.216273e-09 -8.4926
-4.37207617 -5.83853636 8.089817e-13 -12.0921
-4.02222571 -4.29028564 3.815868e-09 -8.4184
-4.03107576 -3.09334050 3.666538e-07 -6.4357
-3.50848691 -2.23818377 2.152089e-05 -4.6671
-3.84818629 -1.36140564 2.983198e-05 -4.5253
-3.96619601 -0.47696950 4.084861e-05 -4.3888
-3.96674730 0.41839637 4.187942e-05 -4.3780
-3.84844744 1.30934293 3.267431e-05 -4.4858
-4.17407750 2.27353829 1.517098e-06 -5.8190
-3.93083407 3.18796564 3.990856e-07 -6.3989
-4.41742854 5.55209964 3.739684e-12 -11.4272
-3.94843945 -4.99961451 1.882940e-10 -9.7252
-2.79106655 -4.52546345 7.220046e-08 -7.1415
-3.32471201 -3.86232222 2.802781e-07 -6.5524
-3.04872439 -3.05058800 1.071324e-05 -4.9701
-2.94826343 -1.51551518 4.318729e-04 -3.3646
-3.11202418 -0.73066896 6.143684e-04 -3.2116
-3.17178775 0.05101783 6.416262e-04 -3.1927
-3.07861384 0.82518910 6.408109e-04 -3.1933
-2.89555549 1.57368662 4.116443e-04 -3.3855
-3.37619096 2.13294689 3.571732e-05 -4.4471
-3.06713997 2.89606957 1.567942e-05 -4.8047
-3.16914800 3.90648827 4.762389e-07 -6.3222
-3.22222535 5.00041921 4.047136e-09 -8.3929
-3.07855163 6.32498839 5.709833e-12 -11.2434
-2.99425518 -6.44741223 3.224971e-12 -11.4915
-3.01333677 -5.24885922 1.763899e-09 -8.7535
-2.35840148 -3.83625406 4.405675e-06 -5.3560
-2.18016958 -3.08639281 7.895456e-05 -4.1026
-2.58299022 -2.29597596 2.711670e-04 -3.5668
-2.11831029 -1.53831049 3.191346e-03 -2.4960
-2.30545479 -0.76857250 5.040968e-03 -2.2975
-2.38721445 0.00329505 5.516338e-03 -2.2583
-2.26130608 0.75768164 5.680713e-03 -2.2456
-2.14246742 1.52504421 2.872751e-03 -2.5417
-2.39205426 2.33944665 4.206759e-04 -3.3761
-2.33962378 3.37490697 2.577642e-05 -4.5888
-2.26413978 4.35218033 8.422689e-07 -6.0745
-1.90229263 5.87494469 6.144883e-10 -9.2115
-1.55531436 -6.95504350 2.917393e-12 -11.5350
-1.94976907 -5.69630939 2.465167e-09 -8.6082
-1.90427011 -4.72748069 3.004616e-07 -6.5222
-1.46934461 -3.91954601 1.805535e-05 -4.7434
-1.38965654 -3.10360850 3.021976e-04 -3.5197
-1.75212352 -2.32494781 1.441539e-03 -2.8412
-1.32667975 -1.59047021 1.084920e-02 -1.9646
-1.52332636 -0.83337771 1.958596e-02 -1.7081
-1.60733395 -0.09600284 2.483340e-02 -1.6050
-1.49213077 0.60977591 2.351512e-02 -1.6287
-1.43021372 1.30974816 1.250504e-02 -1.9029
-1.50612201 2.09492535 3.554313e-03 -2.4492
-1.71330181 2.86321294 3.687324e-04 -3.4333
-1.49044123 3.79467004 3.014204e-05 -4.5208
-1.27976496 4.76677224 7.769204e-07 -6.1096
-2.19130042 5.29491763 9.801924e-09 -8.0087
-1.59826473 6.95959410 2.733769e-12 -11.5632
-0.17411919 -6.94017097 8.954447e-12 -11.0480
-0.87037775 -5.84756046 4.484766e-09 -8.3483
-0.98023525 -4.86315025 6.302647e-07 -6.2005
-0.65306813 -3.97424681 3.212531e-05 -4.4932
-0.61744930 -3.13519012 6.065842e-04 -3.2171
-0.93069634 -2.33783565 4.173301e-03 -2.3795
-0.54666076 -1.55864949 2.376269e-02 -1.6241
-0.81150888 -0.84696601 4.025271e-02 -1.3952
-0.81167419 -0.10831844 6.748637e-02 -1.1708
-0.73146453 0.64723579 5.635432e-02 -1.2491
-0.73039922 1.45293435 2.471844e-02 -1.6070
-0.74179866 2.25046380 5.872478e-03 -2.2312
-0.96927532 3.03215886 6.439618e-04 -3.1911
-0.62491790 3.92376380 4.434562e-05 -4.3531
-0.91300971 5.78087399 6.544822e-09 -8.1841
-0.13196356 6.85771357 1.795472e-11 -10.7458
0.13230420 -5.72663702 1.200680e-08 -7.9206
-0.05451619 -4.79137779 1.352938e-06 -5.8687
0.06990870 -3.89276437 4.408681e-05 -4.3557
0.14389326 -3.07713944 8.311311e-04 -3.0803
-0.13778719 -2.31127140 6.771412e-03 -2.1693
0.22700215 -1.51175391 3.017555e-02 -1.5203
-0.10541915 -0.75037819 6.743764e-02 -1.1711
-0.00350812 0.03584059 1.007970e-01 -0.9966
-0.02430438 0.84794033 6.154517e-02 -1.2108
0.01603839 1.61837356 2.482215e-02 -1.6052
0.00491404 2.38614027 5.255531e-03 -2.2794
-0.18779103 3.14133999 7.127892e-04 -3.1470
0.28490850 3.92304623 5.220529e-05 -4.2823
-0.30318215 4.77769223 1.407575e-06 -5.8515
0.05285647 5.64025570 1.640620e-08 -7.7850
1.34070586 7.02573394 2.563052e-12 -11.5912
0.90938978 -6.79130401 1.272568e-11 -10.8953
1.12715019 -5.70620842 7.415573e-09 -8.1299
0.84417967 -4.74153196 1.176621e-06 -5.9294
0.68484662 -3.89720416 3.486881e-05 -4.4576
0.89359343 -3.05487694 6.119578e-04 -3.2133
0.66635189 -2.25951240 6.325938e-03 -2.1989
1.02900632 -1.45989786 1.983948e-02 -1.7025
0.63586936 -0.73339408 5.644702e-02 -1.2484
0.80418324 -0.01913383 6.524986e-02 -1.1854
0.67756220 0.70236053 5.314209e-02 -1.2746
0.76327560 1.46060710 2.399005e-02 -1.6200
0.75470677 2.25714074 5.664230e-03 -2.2469
0.64740116 3.09040819 7.323671e-04 -3.1353
0.64013158 4.75863235 1.255033e-06 -5.9013
0.87717562 5.87670354 3.552211e-09 -8.4495
1.99554565 -6.94856386 1.283564e-12 -11.8916
2.17595588 -5.71049146 1.427772e-09 -8.8453
1.71767640 -4.73677052 3.977043e-07 -6.4004
1.43778487 -3.81768941 2.796216e-05 -4.5534
1.60409577 -2.92188858 3.337082e-04 -3.4766
1.47187249 -2.18567051 3.023159e-03 -2.5195
1.88939675 -1.46979946 5.889234e-03 -2.2299
1.44888669 -0.73257296 2.595058e-02 -1.5859
1.57417956 0.01496264 2.575007e-02 -1.5892
1.43192914 0.74736074 2.485117e-02 -1.6047
1.51597178 1.48969910 9.059351e-03 -2.0429
1.50131410 2.22374587 2.446843e-03 -2.6114
1.45002645 3.00158547 3.953285e-04 -3.4030
1.20387520 3.88485182 3.268573e-05 -4.4856
1.43483460 4.92439134 2.396960e-07 -6.6203
1.93299655 5.77835448 1.492295e-09 -8.8261
3.34587147 -5.04899961 1.649979e-09 -8.7825
2.61776733 -4.79685130 3.664361e-08 -7.4360
2.28929418 -3.98048074 2.840821e-06 -5.5466
2.22460016 -3.20067737 4.738374e-05 -4.3244
2.33945228 -2.29071568 5.506788e-04 -3.2591
2.73423831 -1.47925665 8.719718e-04 -3.0595
2.28327218 -0.68778173 6.076383e-03 -2.2164
2.29775968 0.09606818 6.176649e-03 -2.2092
2.22939222 0.85646274 5.811692e-03 -2.2357
2.25052618 1.65910770 1.872651e-03 -2.7275
2.27225214 2.49240831 3.760574e-04 -3.4247
2.15168074 3.41613903 3.367634e-05 -4.4727
2.00812341 4.26500257 1.682804e-06 -5.7740
2.49231255 4.96929858 2.329604e-08 -7.6327
2.84753109 6.50874972 3.332608e-12 -11.4772
3.15323624 -3.91223538 4.370372e-07 -6.3595
2.98737716 -3.00662610 1.439887e-05 -4.8417
3.27794996 -2.19325995 4.943526e-05 -4.3060
3.12887563 -0.69207074 6.202902e-04 -3.2074
3.00199249 0.08056986 9.646978e-04 -3.0156
3.06787966 0.86755741 6.546686e-04 -3.1840
2.95864743 1.60455152 2.835776e-04 -3.5473
3.10792856 2.25972437 5.811660e-05 -4.2357
2.98214836 3.08402112 1.182095e-05 -4.9273
2.95185462 4.04726222 5.101590e-07 -6.2923
3.32920244 -6.23661943 4.199367e-12 -11.3768
4.10340000 -4.53284605 9.429466e-10 -9.0255
3.96175395 -3.87327294 1.768479e-08 -7.7524
3.90685590 -3.05866481 6.151119e-07 -6.2110
4.19592058 -2.18569846 1.758457e-06 -5.7549
3.64904836 -1.37168839 5.614210e-05 -4.2507
4.02475436 -0.47886810 3.117815e-05 -4.5061
3.65324602 0.09225690 7.727503e-05 -4.1120
3.96613463 0.62989320 3.417250e-05 -4.4663
3.81457561 1.48504547 2.845967e-05 -4.5458
3.86224036 2.43439751 3.511951e-06 -5.4545
3.82323287 3.39495998 2.927428e-07 -6.5335
3.88083641 4.42493379 4.982841e-09 -8.3025
3.23082284 5.25603794 8.735295e-10 -9.0587
4.19545883 5.87372441 1.343115e-12 -11.8719
4.64686948 -5.47428707 1.959907e-12 -11.7078
4.79657008 -3.84179413 8.628428e-10 -9.0641
4.98226540 -2.92664098 9.540228e-09 -8.0204
5.02049776 -1.85047411 7.178507e-08 -7.1440
4.42588785 -1.24998660 2.418567e-06 -5.6164
5.04298902 -0.81326896 2.628039e-07 -6.5804
4.78281452 0.07182943 1.478725e-06 -5.8301
4.78604762 1.02285492 8.299740e-07 -6.0809
4.66765561 1.90623849 3.964778e-07 -6.4018
4.64344811 2.85443115 4.072434e-08 -7.3901
4.84104241 3.79448950 1.090221e-09 -8.9625
4.76070192 4.94978476 8.895065e-12 -11.0509
5.65410880 -4.37944960 2.215192e-12 -11.6546
6.23408528 -3.13231314 7.567533e-12 -11.1210
5.76469051 -2.13169929 8.510435e-10 -9.0700
5.94215241 -1.17286999 1.753879e-09 -8.7560
5.82506005 -0.16239934 6.292622e-09 -8.2012
5.71974286 0.71390021 9.158772e-09 -8.0382
5.70840083 1.71763402 3.313759e-09 -8.4797
5.46374270 2.68330457 1.322431e-09 -8.8786
6.10681706 3.53569269 3.962515e-12 -11.4020
5.69266073 4.76770533 2.691462e-13 -12.5700
7.01112534 -1.81638120 1.304540e-12 -11.8845
6.97218023 -0.35213079 7.296810e-12 -11.1369
6.86609725 0.96467348 1.000979e-11 -10.9996
6.78617328 2.32696502 1.962605e-12 -11.7072
